9,14,17,21,20,1,12,13,5,1,0,13,15,19,18,19,15,2,1,18,16,17,21,19,18,17,1,17,18,16,12,15,4,2,1,20,17,17,14,5,18,15,2,21,0,1,19,22,15,13,0,13,24,19,17,18,20,13,15,8,21,19,14,12,1,13,21,10,14,23,18,0,0,20,23,11,4,12,4,16,18,0,20,1,15,0,0,24,22,14,2,26,18,3,22,0,21,3,18,2
16,14,0,0,2,18,22,1,12,1,15,15,18,14,12,1,13,11,17,17,20,0,0,0,12,3,13,1,21,0,15,18,1,15,13,0,11,14,15,17,3,12,16,0,17,18,1,0,19,18,0,19,0,12,14,23,15,18,20,0,22,17,17,18,3,14,14,24,12,6,1,18,0,14,18,20,19,1,1,3,18,17,16,2,15,18,0,24,17,17,14,4,3,0,19,21,3,16,3,22
12,16,18,2,14,19,13,0,17,16,0,0,1,5,4,12,8,23,0,14,12,19,13,2,13,1,18,1,16,13,17,17,1,21,18,19,18,4,17,14,18,1,20,0,0,0,1,20,14,3,1,0,0,1,0,0,0,0,22,17,0,13,19,0,0,17,4,18,12,18,17,5,19,1,15,19,2,18,21,0,4,18,20,0,23,20,0,17,4,19,1,2,0,2,0,0,19,1,18,17
14,16,15,12,13,4,18,1,0,19,1,10,9,2,0,16,15,17,14,0,12,19,15,0,19,13,14,14,0,0,22,15,19,20,19,18,12,7,16,5,0,21,0,19,23,2,0,18,0,4,19,2,0,23,19,21,13,15,19,12,14,15,16,0,27,22,15,0,22,17,1,15,1,19,13,23,14,20,16,15,5,19,27,14,15,24,15,3,17,22,1,18,1,19,13,4,1,0,22,17
14,0,15,2,18,13,13,13,15,15,0,19,13,1,14,0,28,22,0,19,18,15,1,4,1,21,21,18,16,9,20,18,14,1,17,12,11,20,0,22,15,5,20,1,14,23,14,5,14,6,0,0,19,17,12,22,18,17,18,16,0,0,22,0,23,19,4,0,0,0,18,15,0,0,20,23,1,21,17,11,12,15,4,23,21,3,21,14,10,20,3,14,20,0,21,25,15,22,17,25
14,18,1,19,0,15,19,2,13,1,0,1,16,12,3,13,1,15,1,0,12,13,22,15,15,14,1,0,14,9,12,0,13,22,15,3,1,0,0,3,0,18,1,1,20,0,18,0,14,0,18,1,0,15,12,10,13,20,16,0,0,12,17,15,16,16,22,3,19,3,18,2,24,0,19,16,2,17,2,21,0,0,18,16,11,4,0,13,22,6,0,15,11,6,15,24,18,17,1,21
14,21,12,16,13,3,13,14,20,3,0,0,0,17,15,2,16,0,14,16,15,17,0,1,11,10,14,0,0,18,11,16,18,0,18,19,0,0,23,15,23,20,0,8,15,18,19,3,19,21,26,21,22,0,18,0,0,0,17,0,12,14,20,17,15,24,12,9,2,18,13,3,19,18,7,19,14,1,20,17,20,0,3,0,20,15,4,23,2,19,24,4,21,1,20,17,20,12,15,1
8,16,0,19,0,14,0,0,0,11,15,9,13,18,0,20,0,17,0,14,1,1,15,19,0,0,0,15,18,14,18,0,16,13,17,0,20,0,19,1,0,16,15,1,0,21,18,2,25,23,20,16,15,4,13,0,19,17,17,12,19,22,12,1,12,0,12,0,14,16,17,22,22,1,26,0,12,14,3,24,19,2,18,20,0,0,0,22,1,0,21,21,14,0,18,2,20,1,1,0
12,3,21,16,20,0,12,3,18,0,0,1,0,18,12,2,13,18,14,12,0,14,18,12,20,14,16,8,12,15,1,0,18,14,17,14,11,0,24,21,17,20,16,15,16,18,0,0,0,23,19,0,3,0,18,18,17,18,1,22,0,12,22,1,2,0,0,19,23,13,8,20,13,7,0,1,26,1,19,0,17,15,3,21,17,1,22,25,0,18,7,18,20,18,11,6,0,0,18,17
15,17,16,0,18,0,19,0,18,16,12,13,11,8,13,12,18,0,0,2,13,3,19,1,16,21,20,0,20,19,1,19,0,22,21,22,16,13,25,20,15,14,17,4,24,1,19,21,14,16,17,0,16,15,1,2,0,0,22,0,0,15,5,1,0,15,17,19,1,22,0,0,19,1,3,1,22,17,19,22,16,6,24,2,18,0,5,0,0,28,1,1,0,0,21,1,18,0,2,26
13,17,0,13,12,15,0,0,15,13,0,15,12,14,14,14,4,0,12,12,19,16,1,14,15,16,16,13,1,0,15,23,20,11,4,15,3,21,20,13,18,0,23,18,12,2,21,1,19,16,2,19,13,12,1,0,1,22,0,0,0,15,12,19,0,0,1,0,17,11,13,0,1,24,16,13,15,0,22,0,19,1,1,19,15,16,16,6,14,15,23,0,20,3,22,5,20,22,19,0
15,19,13,15,11,16,16,0,0,0,16,0,13,16,14,18,0,18,14,15,15,0,0,19,0,18,12,1,21,15,0,17,14,19,16,5,19,22,7,2,0,12,20,22,15,17,0,14,1,21,12,17,16,1,1,16,18,18,2,1,0,22,23,20,21,24,20,1,1,1,16,24,13,5,17,3,21,14,22,20,14,16,17,20,1,21,16,0,1,20,0,21,15,4,1,20,13,18,12,7
14,22,0,16,16,3,0,0,1,0,14,19,0,17,10,14,3,16,15,12,15,18,15,14,2,0,12,11,22,1,19,2,21,19,17,18,2,17,0,0,9,9,0,17,15,15,1,21,19,4,20,14,13,18,15,2,20,2,2,20,16,15,20,15,16,17,14,15,20,20,5,22,24,0,18,0,0,15,0,2,18,3,0,20,12,4,0,20,22,18,3,0,18,6,18,17,19,19,2,0
8,14,16,15,17,0,0,17,12,14,1,1,0,12,6,10,10,2,26,0,16,12,12,6,0,16,12,1,16,17,20,17,18,13,17,3,2,17,15,17,10,12,11,6,0,16,4,0,0,0,17,12,23,12,12,21,17,17,3,16,7,0,1,16,1,19,18,1,20,0,22,14,8,0,19,24,23,1,13,22,17,2,14,22,2,1,18,2,20,2,15,15,5,22,1,1,0,22,0,20
14,0,0,16,4,18,15,0,18,18,0,14,3,12,16,2,18,0,16,3,15,0,1,17,1,0,0,15,1,0,12,22,17,6,1,21,19,17,4,1,24,1,1,14,5,20,13,19,2,1,0,2,20,24,23,0,15,20,19,22,16,17,10,12,4,19,17,2,2,1,1,22,14,14,18,12,15,0,1,19,0,18,2,19,0,0,19,24,17,12,21,1,21,18,20,2,16,9,14,3
5,15,1,0,13,14,4,14,0,17,0,15,12,3,16,10,14,12,0,13,2,10,19,18,22,4,19,12,12,4,3,15,15,16,15,24,0,6,0,23,20,1,17,14,21,18,16,0,18,1,0,0,19,15,20,0,16,28,18,20,20,0,22,0,19,15,22,1,20,13,0,4,0,1,18,3,18,20,2,17,4,3,22,21,14,14,16,16,6,0,21,2,14,19,22,22,20,17,13,25
10,0,16,0,1,1,19,1,0,16,13,14,13,13,2,20,0,13,1,18,18,0,19,0,2,2,14,12,17,4,21,1,23,18,13,13,21,20,16,1,2,13,10,13,7,15,3,16,12,22,18,20,28,22,19,24,18,19,22,0,0,20,18,2,0,1,0,22,23,18,0,12,19,19,21,15,15,24,21,15,6,24,1,19,19,22,19,15,22,20,0,0,20,22,0,23,17,20,10,2
13,16,3,12,11,16,0,14,17,1,19,21,15,4,16,13,8,0,17,19,17,5,0,0,14,19,1,18,12,10,0,20,14,3,20,0,16,19,17,22,13,21,15,14,4,14,0,18,15,8,4,0,12,17,13,16,15,12,24,1,16,15,13,5,15,15,12,15,14,19,20,2,21,24,4,0,0,18,2,1,14,1,15,3,4,19,2,14,19,18,22,0,18,15,12,5,15,15,1,0
14,18,16,0,12,12,1,20,18,14,1,18,15,22,19,0,1,1,15,0,14,19,24,18,2,0,17,16,16,14,1,0,3,20,16,1,0,18,13,3,13,12,1,16,2,12,4,24,0,0,17,14,14,12,3,13,5,25,0,21,17,22,25,22,18,20,20,0,18,19,17,20,11,5,1,18,17,23,22,18,22,0,24,18,8,1,15,20,6,19,21,20,18,19,20,15,4,17,1,19
12,13,4,0,20,0,16,17,14,12,18,1,15,15,12,0,18,1,16,16,0,19,17,4,19,20,20,17,1,17,1,19,15,16,3,13,10,12,0,19,17,0,24,20,19,14,13,1,1,20,16,14,13,22,18,12,3,18,20,14,22,13,10,2,18,2,0,23,17,11,7,20,16,22,21,20,19,22,14,19,18,23,1,20,17,1,19,6,22,0,13,13,21,2,19,1,16,0,18,1
14,16,1,13,0,13,13,4,19,0,17,0,16,1,17,15,11,11,7,13,9,14,0,3,0,19,0,11,21,0,0,15,15,17,14,2,2,19,19,22,16,3,21,18,3,0,24,17,16,0,1,1,16,15,21,21,0,14,19,14,0,19,0,13,2,13,18,13,11,1,0,4,25,19,18,26,18,14,4,20,21,17,20,0,16,3,19,0,20,27,0,18,1,2,17,18,21,16,24,22
15,14,8,21,0,16,17,0,18,15,1,14,1,15,16,4,12,2,7,9,19,0,0,0,2,0,0,18,1,15,4,0,19,2,2,15,13,18,1,0,1,14,21,17,1,16,19,16,0,0,12,13,18,0,0,19,19,0,13,25,0,3,19,13,4,0,21,16,19,21,13,2,19,23,18,16,10,0,12,1,20,19,0,9,4,0,0,1,17,23,19,17,17,1,1,17,15,14,21,15
11,13,15,6,0,15,17,0,14,1,18,16,13,0,15,1,17,9,14,13,21,15,15,10,1,1,23,0,10,9,18,17,0,1,0,18,21,1,16,14,25,17,16,16,0,14,12,18,13,15,0,16,15,24,15,17,3,0,28,19,11,2,24,17,3,23,11,13,18,20,22,20,13,3,11,16,1,14,25,14,15,16,3,13,18,14,18,18,17,21,1,21,1,2,0,23,14,18,20,1
14,17,1,1,14,16,4,14,0,0,13,19,0,13,0,14,0,0,0,0,14,4,11,17,14,20,22,19,0,0,10,12,15,13,18,12,23,2,19,21,12,8,10,7,16,19,17,12,14,0,15,1,13,4,17,15,1,5,16,1,0,10,9,19,15,1,21,0,20,18,15,17,18,18,20,16,14,0,19,15,0,15,14,5,20,0,19,2,18,2,21,3,16,21,17,0,0,16,20,0
12,14,3,14,13,9,17,0,0,14,17,0,13,18,0,15,11,0,10,13,15,12,17,14,0,13,9,19,18,14,7,10,0,0,19,18,18,19,20,16,16,21,13,5,2,21,0,18,0,15,5,0,12,8,18,5,0,0,18,0,19,15,2,22,0,21,21,22,24,18,4,21,18,12,1,24,20,2,17,5,21,15,14,17,18,1,15,16,22,4,21,23,0,17,23,14,4,24,15,17
11,2,0,21,23,12,13,11,13,17,21,0,18,9,16,16,0,14,21,0,0,16,17,15,18,18,19,0,17,1,0,1,21,1,16,22,1,16,21,16,16,25,18,15,18,22,13,20,19,24,14,14,16,0,0,19,0,0,11,15,18,15,4,2,17,3,17,20,5,0,2,20,14,11,22,25,17,0,0,19,0,20,14,24,1,1,1,0,23,13,19,17,18,17,20,19,14,1,3,23
10,16,15,1,11,9,2,13,13,15,12,3,12,13,22,16,20,3,18,2,0,8,15,15,18,19,14,19,22,21,5,0,15,18,13,19,14,4,0,11,11,1,20,19,19,24,22,0,22,21,20,17,18,1,16,11,11,22,0,21,26,18,25,21,10,13,19,0,11,14,24,17,21,17,16,24,0,20,1,25,0,18,4,29,20,1,19,27,18,16,22,14,0,14,3,19,17,20,25,0
11,18,11,0,2,19,2,11,1,13,15,3,18,15,0,12,16,1,0,15,1,1,0,1,1,0,21,0,15,16,12,11,1,14,17,16,0,3,21,23,13,10,3,16,18,16,14,11,2,21,19,16,14,19,14,2,2,18,0,1,14,5,23,1,0,17,22,0,1,17,11,19,1,22,24,21,0,1,0,17,1,17,19,1,13,12,11,0,18,13,20,1,18,25,14,2,2,5,19,3
6,19,0,0,17,22,0,13,0,0,0,0,18,1,17,6,0,17,1,19,1,14,13,0,15,22,17,2,13,13,13,11,1,17,15,2,24,23,0,15,0,2,17,11,10,12,13,10,6,15,3,20,0,14,0,2,22,0,22,1,14,2,19,6,0,17,2,25,20,1,13,2,17,0,17,24,23,0,20,2,0,18,14,11,10,17,0,15,1,18,17,19,1,14,11,24,21,22,0,16
9,1,17,16,0,19,12,17,0,2,18,12,8,2,14,19,21,16,12,12,21,2,18,16,19,16,16,20,0,16,7,0,17,17,2,15,11,0,1,25,17,0,15,19,15,5,2,1,0,17,17,20,20,19,21,14,16,18,14,21,0,1,0,15,4,21,0,0,1,21,17,18,0,1,24,23,22,14,1,0,1,13,18,2,1,15,0,13,14,3,19,1,22,21,0,0,0,19,21,0
14,1,0,1,0,26,16,16,19,0,4,13,1,1,16,14,14,13,18,16,16,20,21,10,2,24,1,18,9,20,17,0,16,16,12,11,20,0,16,21,18,17,0,2,0,16,19,17,21,15,1,20,21,21,21,1,0,13,22,19,16,12,22,15,22,23,21,21,16,16,18,0,1,14,11,26,23,0,19,20,18,2,2,0,14,13,17,0,19,0,24,17,20,20,1,0,23,20,0,13
12,20,14,18,3,19,0,1,0,0,19,0,0,0,20,14,13,1,0,16,4,0,0,18,13,13,20,1,12,4,15,15,18,17,15,16,13,11,19,21,17,15,20,18,1,21,17,1,0,0,23,0,25,21,19,8,14,18,1,22,20,17,16,20,19,2,0,0,9,11,3,16,23,3,14,13,4,0,0,18,0,15,16,21,15,0,1,21,17,17,20,14,6,23,0,19,15,11,0,4
14,0,21,0,0,11,7,3,12,16,0,16,3,14,2,18,14,4,2,19,14,12,17,1,2,0,14,3,19,15,4,0,19,12,3,19,2,20,0,0,12,1,16,18,20,0,16,11,16,5,16,20,18,14,6,18,14,19,16,22,21,19,17,4,0,0,0,22,0,20,3,0,18,1,25,18,17,21,2,15,7,18,14,22,19,15,26,25,1,19,18,12,15,14,7,10,0,14,5,20
14,13,18,0,11,3,1,13,12,0,15,0,17,21,13,14,12,4,2,15,0,0,14,3,21,16,14,0,17,13,11,14,13,1,21,3,15,11,0,0,17,19,0,22,15,23,19,0,0,0,0,19,14,2,17,14,2,23,19,1,0,19,17,12,13,7,14,3,14,12,6,0,1,0,18,3,0,20,22,23,22,18,18,21,20,18,5,23,21,18,1,0,0,20,17,20,4,1,21,1
12,15,18,12,2,11,2,1,12,13,15,0,12,11,10,3,16,11,8,18,18,12,10,15,18,17,0,13,15,2,14,0,16,0,20,11,0,10,0,13,17,20,24,1,1,0,18,1,19,16,15,5,0,20,25,16,0,13,1,2,22,16,21,14,27,0,25,23,10,11,15,3,16,2,5,29,22,1,24,0,1,0,0,17,4,17,10,10,14,20,2,16,2,18,16,1,21,14,15,19
15,0,0,21,0,12,14,11,18,10,9,17,1,0,0,16,17,13,0,17,13,19,18,11,6,0,21,18,23,1,18,15,11,11,17,13,3,18,22,21,18,17,0,15,22,1,1,0,16,13,23,0,19,20,15,16,17,3,14,12,1,20,17,14,6,17,17,1,23,1,16,15,1,21,2,21,22,18,17,20,1,1,1,1,15,15,0,0,18,22,22,24,0,18,15,15,0,18,20,20
10,17,18,16,0,11,6,10,13,14,0,0,16,17,0,15,4,14,16,16,0,12,14,17,2,18,0,17,23,16,1,23,16,1,19,0,22,1,1,16,11,8,17,1,0,0,16,1,21,13,17,5,20,2,1,17,1,15,1,13,22,0,25,22,1,19,14,0,18,9,6,16,19,11,18,23,15,19,8,22,17,27,0,23,3,24,17,14,0,22,0,16,0,4,3,21,2,1,17,18
13,16,0,16,8,17,14,10,6,15,14,15,10,14,0,17,0,19,0,0,16,16,0,13,20,17,12,12,10,15,11,18,22,14,3,2,19,12,5,0,20,12,3,13,8,10,21,0,0,19,23,23,22,15,18,2,26,1,0,14,0,16,14,16,2,0,25,23,15,20,17,21,20,18,15,19,24,1,18,19,1,1,0,0,19,0,14,15,0,17,0,20,20,21,1,21,17,0,1,1
10,3,17,2,1,0,0,11,23,17,1,15,16,14,17,14,11,5,17,6,0,0,19,15,4,12,12,0,15,18,15,15,1,22,19,14,1,16,3,18,1,12,13,19,19,5,9,1,11,3,18,13,17,12,19,2,20,17,22,15,18,13,14,20,0,24,23,15,15,23,13,14,12,6,18,19,17,20,0,21,20,3,21,17,1,2,0,19,20,1,19,12,28,25,0,18,17,9,21,0
12,17,14,16,2,15,2,13,11,3,15,1,16,1,18,12,15,5,16,13,10,3,12,2,20,13,4,14,22,16,12,16,18,1,0,16,15,13,0,13,17,11,2,0,0,17,1,14,1,24,20,15,6,0,20,2,3,2,16,12,20,1,10,1,2,0,3,0,19,15,18,0,21,17,13,0,14,14,5,0,16,17,3,20,0,18,22,15,5,25,26,0,0,0,0,0,0,1,0,0
11,18,0,16,13,15,14,0,3,11,13,14,17,0,20,3,20,13,3,11,20,0,19,16,0,15,16,18,17,17,0,21,20,2,1,1,20,16,20,18,2,28,0,14,23,14,18,13,3,16,2,21,0,2,21,17,22,22,3,19,2,1,23,21,3,0,0,21,19,21,0,0,17,19,1,20,0,0,23,18,15,3,2,20,20,0,22,17,12,13,0,19,13,13,23,17,1,15,14,20
15,18,18,17,19,16,2,11,7,20,3,19,17,0,20,15,14,2,19,19,13,4,15,6,13,18,16,2,0,17,2,12,4,1,0,20,2,0,16,17,15,0,16,13,22,0,23,16,15,19,22,1,22,17,18,17,22,17,12,22,1,22,22,1,1,17,1,0,3,18,0,1,0,0,0,20,17,15,19,14,14,15,20,18,15,14,1,0,22,23,19,18,16,15,19,18,10,0,13,0
12,16,1,0,12,8,9,0,1,1,0,10,4,0,0,0,23,13,13,3,0,14,2,14,18,12,14,0,17,13,7,4,13,16,0,14,9,16,10,3,0,11,6,2,0,0,0,0,0,13,10,0,1,13,16,17,23,0,1,19,17,19,0,15,2,19,15,14,14,0,5,19,14,19,21,2,15,0,12,21,0,0,21,0,24,16,2,2,18,18,2,17,16,21,2,16,1,18,7,19
15,0,2,16,0,14,2,15,11,10,13,14,0,20,0,17,0,16,11,16,3,18,0,18,0,1,0,15,15,14,18,13,10,14,23,16,20,1,0,20,15,1,1,20,12,2,0,1,2,0,23,18,2,20,20,14,16,26,18,15,0,17,16,1,0,2,13,1,21,18,17,1,21,16,22,22,19,17,13,18,26,23,17,4,20,0,14,17,20,20,1,18,20,15,15,17,2,15,13,20
15,17,0,21,18,17,14,10,15,19,17,17,1,18,17,4,0,22,18,2,12,11,16,20,17,20,1,20,1,19,20,20,17,1,3,18,0,20,17,0,0,2,20,1,21,22,3,0,29,20,2,25,15,13,0,25,15,18,17,0,20,12,17,3,1,2,1,12,6,19,1,0,16,20,2,20,22,0,26,0,19,12,27,17,5,21,0,13,22,22,2,21,23,21,0,16,1,22,2,24
13,12,9,12,2,18,16,15,18,14,0,17,17,17,16,17,0,2,16,17,11,20,2,18,4,15,0,13,17,21,17,1,2,0,23,0,18,2,18,13,1,16,15,17,0,19,0,17,16,1,14,21,19,1,19,1,15,20,15,2,0,14,1,18,17,0,17,17,14,16,16,10,10,17,4,16,20,2,0,16,25,1,17,0,22,21,1,17,15,1,3,19,16,18,15,11,27,17,0,2
12,13,2,9,13,0,12,1,2,13,20,0,14,19,12,9,9,14,0,15,0,16,6,1,20,14,17,0,14,19,13,5,2,1,0,18,9,19,3,18,7,18,16,24,18,16,16,1,18,8,16,16,17,14,25,0,20,17,0,1,1,14,5,1,19,13,14,15,2,20,19,0,16,16,18,16,17,3,1,28,0,22,8,5,25,1,20,3,1,11,16,4,21,20,0,0,0,20,0,1
13,1,19,12,0,3,14,0,0,11,2,1,0,17,0,13,16,15,20,0,0,14,18,12,17,1,1,2,21,3,14,15,13,14,15,0,13,14,14,2,0,18,23,15,6,19,15,0,1,16,2,16,2,10,21,20,19,20,18,15,8,23,20,15,15,17,5,15,17,0,21,22,1,20,14,19,13,2,18,20,15,18,0,19,17,17,1,13,24,17,15,16,11,2,1,25,0,21,1,19
13,1,0,16,12,2,0,13,11,19,13,5,0,13,1,20,0,15,12,0,18,20,21,15,9,8,21,0,4,16,20,16,12,5,1,0,15,7,14,18,2,0,19,20,12,18,15,2,15,12,23,1,17,20,3,18,19,0,1,18,20,21,11,11,12,18,5,22,19,1,17,0,2,14,9,0,17,20,13,21,2,1,0,15,12,16,13,14,0,0,15,15,13,7,1,2,19,14,3,23
17,15,16,11,12,14,10,10,16,20,0,20,20,0,15,9,5,13,6,20,20,16,15,18,3,0,23,0,15,2,4,12,20,16,9,7,20,16,0,19,16,3,16,18,0,17,16,0,15,3,1,0,13,17,0,16,18,13,14,18,20,17,4,16,16,21,0,22,16,18,14,3,18,18,19,19,0,5,1,18,1,18,19,3,1,18,5,0,15,14,23,21,2,16,0,23,2,20,0,17
14,19,16,16,0,0,10,14,1,5,0,18,17,18,2,1,12,14,16,13,8,19,2,0,17,0,4,2,14,15,15,13,12,0,0,17,1,1,11,21,14,13,12,10,14,1,12,14,0,16,24,1,25,0,0,16,5,13,1,16,2,19,16,4,23,23,20,25,15,2,25,0,13,19,3,0,1,0,1,16,20,17,17,14,20,15,21,0,13,3,23,17,16,15,12,24,11,6,17,2
15,22,15,14,17,3,19,12,18,13,19,11,22,15,0,1,17,13,12,11,24,17,13,18,15,19,21,17,2,0,20,0,17,13,15,16,0,2,0,23,3,12,3,18,1,18,18,13,1,16,0,17,14,21,15,19,16,3,24,16,17,17,2,19,2,0,21,2,22,17,16,1,22,0,13,4,1,0,22,0,23,0,17,3,0,19,13,17,21,16,2,0,16,1,13,2,25,1,18,15
10,20,0,12,14,18,14,15,1,2,16,0,13,16,12,3,17,18,19,1,16,16,16,0,21,11,9,2,7,16,4,10,13,0,17,15,2,20,15,18,1,19,11,12,15,17,2,12,19,19,14,15,0,0,0,3,17,0,14,3,1,19,17,10,15,13,19,2,27,20,23,17,1,15,20,0,16,0,2,20,0,2,16,3,20,16,4,2,1,20,0,15,16,12,22,9,14,13,2,16
10,18,13,18,17,0,12,14,1,19,14,14,2,15,15,21,0,16,1,23,0,1,19,0,17,14,1,17,2,16,0,10,9,8,12,13,19,2,15,7,10,0,20,0,0,16,6,19,21,1,23,0,18,20,0,17,13,1,20,22,0,19,18,19,19,0,20,1,0,0,2,22,1,0,17,17,13,18,18,13,26,24,19,20,0,0,2,17,16,17,22,17,18,1,14,15,1,17,16,19
7,10,17,18,10,16,1,2,14,14,17,14,3,19,0,2,14,9,10,0,0,24,15,17,17,16,11,16,18,17,18,1,2,1,15,2,15,3,0,20,18,18,18,16,22,3,23,17,1,17,1,20,0,4,12,12,17,18,16,8,8,0,17,14,19,22,15,4,14,14,15,0,20,14,15,14,21,14,2,16,22,2,18,2,0,21,17,18,1,19,19,19,22,0,22,4,13,8,27,0
16,0,17,18,0,0,0,15,0,9,17,20,0,0,3,16,9,13,8,2,15,3,18,1,13,12,12,15,20,17,18,12,14,14,0,0,0,14,3,2,21,12,16,1,20,0,13,2,16,18,0,4,19,1,17,15,2,16,15,1,20,17,24,0,15,17,20,17,0,25,24,19,3,21,2,14,10,15,1,1,23,19,0,17,3,1,0,2,14,3,16,19,15,10,22,0,20,1,22,14
19,17,12,20,11,17,0,0,16,11,3,18,14,13,4,0,16,12,15,0,0,2,17,14,21,19,13,15,15,15,1,0,17,19,21,0,20,17,24,1,14,11,20,18,2,0,18,19,18,22,15,1,16,16,18,15,14,0,12,10,19,0,14,13,18,24,0,18,1,0,1,0,19,16,19,16,16,11,13,17,3,2,20,25,25,0,23,2,18,19,21,1,5,15,17,19,19,19,17,17
13,23,1,12,16,12,17,0,12,0,16,13,19,0,1,18,3,13,16,17,13,16,16,2,8,4,2,22,16,0,10,21,16,17,17,15,18,19,14,13,17,7,19,18,2,15,21,19,14,2,16,4,22,17,5,17,11,14,24,0,22,21,1,22,15,11,8,20,18,16,1,0,16,15,24,0,23,14,26,19,20,18,21,16,4,20,17,0,9,11,19,0,2,13,15,17,21,16,21,19
13,0,0,0,18,10,14,20,15,13,0,15,3,0,15,11,12,20,2,11,10,0,23,17,1,17,4,0,15,21,16,18,0,16,20,1,0,0,18,0,20,16,20,19,18,17,22,0,17,17,1,17,16,14,15,4,19,19,0,13,17,20,2,13,5,3,0,18,18,16,17,20,16,1,22,22,18,20,20,20,16,15,20,16,21,18,22,1,1,16,1,5,20,20,1,0,22,15,3,1
13,11,11,14,10,18,14,15,0,0,1,13,3,18,15,0,13,14,12,11,20,13,18,0,2,18,15,20,1,2,12,18,15,0,17,14,21,21,15,20,0,5,15,21,16,14,13,18,21,15,18,16,18,17,13,14,1,0,15,20,0,1,15,1,15,24,12,11,17,12,17,19,1,18,20,0,16,11,4,1,0,19,24,15,15,12,11,21,1,19,3,20,17,25,18,14,1,22,22,18
12,2,12,1,1,10,15,16,14,16,19,17,0,17,21,18,1,0,14,0,15,2,2,1,15,16,22,0,0,20,19,16,0,16,15,12,4,11,10,5,13,0,19,16,10,3,13,21,22,2,16,17,1,20,1,1,18,2,19,20,0,19,23,17,14,13,18,16,20,20,19,23,21,1,18,14,8,12,1,22,0,23,19,0,16,1,2,18,16,14,13,2,21,0,18,15,14,3,25,22
14,14,1,2,1,15,15,1,15,0,13,15,16,11,14,19,1,0,0,16,18,3,0,1,0,19,19,17,16,1,22,10,6,18,13,11,1,17,20,12,21,19,1,20,3,0,20,3,17,17,14,0,1,1,17,21,20,0,1,13,11,17,20,22,19,3,4,16,19,15,3,13,5,18,18,17,11,23,20,3,16,14,13,2,23,24,16,17,19,18,17,2,18,14,20,23,17,18,15,23
14,19,21,8,3,2,9,13,0,19,1,0,17,1,9,6,1,18,11,8,5,16,14,1,14,12,2,15,15,2,21,15,2,0,18,17,14,20,17,17,14,11,21,17,10,5,0,22,1,0,18,14,2,0,21,14,10,12,12,2,20,21,18,11,16,3,19,22,24,1,22,0,0,1,19,3,2,0,0,14,23,0,23,25,0,16,4,1,22,27,1,17,17,18,10,12,2,15,11,12
14,1,1,0,16,0,14,1,12,14,12,14,18,3,2,13,3,17,14,0,1,15,1,13,15,15,17,0,21,1,2,15,5,18,11,2,1,20,0,0,0,20,19,3,11,3,2,16,2,14,20,1,16,19,21,12,2,16,18,1,1,0,0,12,18,13,3,15,18,18,16,0,19,0,25,0,21,2,0,3,0,26,0,1,22,0,13,6,23,3,19,19,3,23,14,10,16,14,12,3
17,18,12,9,1,14,0,12,0,15,15,1,12,12,0,0,17,1,11,13,0,16,20,0,15,0,17,16,13,15,1,21,20,15,11,3,11,16,19,22,16,4,0,23,21,14,14,23,21,20,20,8,20,18,23,2,0,0,0,0,21,17,21,24,2,17,14,3,3,20,0,16,0,18,1,18,1,0,26,23,24,1,17,14,16,0,21,1,0,15,17,0,22,24,16,11,0,20,20,20
12,0,14,17,0,18,0,14,11,21,1,14,13,0,23,1,13,18,1,1,11,3,0,16,15,3,1,17,0,12,13,18,2,4,18,4,23,18,14,1,13,21,2,0,17,11,14,11,23,18,15,12,15,0,15,16,23,15,11,8,16,0,1,20,0,23,21,1,24,2,0,21,0,19,0,14,17,13,18,11,3,17,2,2,23,21,0,22,18,17,19,8,23,25,1,0,4,22,12,1
11,22,15,18,18,13,0,0,2,16,11,0,18,18,0,13,0,0,16,13,15,16,13,1,18,23,16,18,16,1,12,2,0,11,18,24,1,16,0,15,20,21,20,21,11,15,19,24,19,21,17,24,0,16,0,18,1,2,19,0,21,0,17,16,11,3,18,24,21,17,0,18,12,12,12,16,1,1,1,23,18,18,2,2,0,21,11,13,12,11,1,20,1,0,0,21,2,2,16,11
15,18,0,16,12,18,16,0,15,0,15,4,20,16,1,0,0,16,8,25,17,3,9,10,2,18,16,1,13,3,24,22,0,2,0,16,0,1,0,15,0,26,0,19,1,15,1,27,20,18,16,19,16,1,26,16,1,19,1,1,1,1,0,0,19,14,19,7,7,2,19,9,8,22,24,0,22,20,15,28,21,1,18,1,3,0,22,2,0,12,11,23,18,3,17,22,17,9,10,1
18,0,0,16,7,18,12,16,0,13,14,18,11,18,15,10,7,17,16,14,19,13,20,15,3,18,16,19,0,16,15,20,0,1,12,11,3,20,18,16,18,21,13,3,15,15,18,10,14,17,6,17,17,18,1,18,1,20,18,15,13,19,19,12,16,18,2,17,20,4,1,0,24,18,20,0,2,17,2,18,20,19,21,0,18,15,17,17,18,23,20,1,17,1,19,1,11,10,4,21
14,18,1,0,0,21,0,13,1,15,9,19,14,2,16,18,0,2,17,17,12,1,0,13,5,1,17,13,0,0,16,0,15,16,0,0,20,18,16,11,20,0,0,2,17,16,15,17,19,19,0,14,3,17,18,17,15,19,2,0,1,1,1,1,24,23,17,0,23,19,23,1,0,20,22,16,14,3,2,23,26,21,18,1,14,0,15,18,19,20,16,20,20,1,16,17,17,18,16,25
18,1,21,1,0,0,0,17,16,0,16,1,15,15,3,14,0,13,15,17,15,1,18,1,20,11,14,16,16,0,12,16,20,1,18,13,16,2,23,18,12,0,10,3,20,0,14,13,3,0,17,3,21,19,18,18,2,2,0,17,8,0,17,18,0,15,10,3,0,15,17,22,1,16,0,23,21,21,1,21,1,0,17,17,0,25,25,14,16,12,3,3,1,16,12,1,0,14,4,0
13,2,16,6,12,13,17,0,13,3,17,2,17,0,13,5,15,12,16,1,2,0,0,14,13,7,5,16,0,16,9,12,17,18,17,17,15,22,17,17,0,1,0,20,21,19,15,2,20,21,17,25,0,0,0,0,0,1,0,0,18,0,19,16,5,1,0,0,24,0,0,19,0,12,18,21,16,17,20,18,1,10,21,2,15,18,22,17,15,5,18,24,21,0,1,0,16,15,3,20
13,18,13,18,0,11,20,14,4,0,16,0,18,15,17,0,16,18,3,0,21,0,19,18,17,17,0,15,17,15,11,7,21,21,17,24,0,21,18,21,21,21,13,2,22,16,17,0,18,16,22,1,1,23,0,13,2,16,24,17,18,25,2,0,18,4,18,13,13,17,0,18,23,0,18,19,22,24,18,0,19,3,17,12,12,5,0,16,13,19,17,18,25,3,13,17,16,16,0,15
8,11,6,18,11,15,13,14,18,12,3,19,14,0,15,18,1,22,0,19,0,0,0,15,4,0,22,15,20,15,16,21,18,2,16,13,1,20,19,0,1,22,17,15,1,1,20,0,2,0,0,14,21,22,0,20,20,0,20,0,22,0,16,16,2,26,18,2,18,13,23,0,25,20,11,15,12,16,17,22,15,14,17,16,18,21,24,24,0,15,14,12,7,10,21,13,12,15,24,17
12,14,18,13,2,15,17,3,0,11,1,21,0,17,15,3,18,17,17,14,4,5,18,12,8,9,1,2,0,17,18,17,19,0,2,0,19,14,11,9,1,13,1,21,19,13,1,2,10,24,19,20,16,23,0,23,20,0,0,16,18,0,15,18,19,18,2,3,26,23,1,20,14,5,17,18,14,4,19,1,21,16,1,17,15,23,12,12,1,17,23,1,0,0,16,15,5,13,8,5
13,16,21,2,17,16,12,17,12,16,14,13,18,19,12,0,16,4,1,15,4,0,21,1,1,0,20,16,0,2,15,16,21,18,2,0,18,22,17,17,0,22,0,1,0,0,20,1,17,17,14,20,19,13,16,12,3,14,19,18,16,12,14,4,0,13,11,2,1,17,12,21,12,14,19,13,14,20,3,24,0,0,1,23,16,16,17,23,1,16,17,0,19,17,20,18,18,18,4,19
14,19,15,2,10,13,16,11,18,15,15,18,17,1,4,1,17,5,22,0,11,8,4,20,15,10,11,16,15,2,1,0,16,2,0,2,16,12,12,21,0,15,14,1,21,18,15,16,8,9,3,19,3,21,26,22,19,2,19,22,2,17,1,15,22,17,2,24,20,14,0,17,12,1,14,23,17,2,0,15,14,20,19,20,16,0,15,19,2,2,0,20,23,22,19,2,14,20,18,3
14,17,0,20,15,10,11,18,0,0,15,22,19,14,23,0,0,1,18,21,0,0,15,17,15,0,15,2,18,1,14,18,20,21,20,16,13,1,18,11,15,19,0,19,1,16,3,0,22,17,1,1,16,19,24,16,17,22,0,0,22,15,2,14,17,16,17,19,21,18,10,18,0,19,2,22,16,0,23,16,11,15,17,3,0,14,19,0,15,30,0,0,0,21,0,12,0,0,29,0
10,1,18,18,9,15,2,0,19,14,3,13,15,1,16,14,4,18,14,11,18,13,7,14,17,18,3,19,17,17,0,2,18,20,1,14,15,0,4,24,14,2,11,13,10,18,24,15,22,20,1,15,17,18,3,17,23,18,19,1,0,3,0,0,12,4,16,17,14,21,4,21,22,20,2,24,20,13,19,21,17,0,15,15,22,16,14,5,19,20,0,0,12,25,20,0,16,11,12,18
15,12,4,0,10,12,20,1,0,0,0,16,1,4,15,13,12,10,2,17,1,10,3,13,4,2,0,14,21,19,20,17,0,3,1,0,0,15,18,14,3,13,2,2,2,0,15,18,0,20,1,19,14,16,14,4,15,19,19,21,0,0,0,0,16,3,19,9,12,1,2,0,17,12,24,15,4,1,20,17,18,1,20,15,4,21,23,18,19,3,0,17,3,21,15,12,6,0,2,2
8,24,13,4,18,0,15,0,0,17,17,0,14,14,1,18,24,15,2,15,19,15,14,21,19,5,0,14,15,15,17,14,16,0,0,0,14,20,16,18,18,2,19,17,20,17,14,20,3,19,17,24,21,2,1,0,0,17,3,1,14,1,26,20,14,20,14,0,15,3,0,0,15,18,22,13,4,0,14,12,3,1,23,14,18,16,13,2,1,22,18,17,15,21,13,8,1,17,19,1
10,2,0,0,12,13,3,12,14,2,14,20,11,15,1,0,18,17,18,17,0,0,14,7,0,18,16,16,15,1,17,18,12,6,20,19,14,18,22,18,9,11,1,15,18,20,13,7,21,0,28,0,0,15,19,1,0,0,19,16,3,0,1,0,21,20,20,13,3,23,19,21,19,21,3,20,3,2,23,20,17,23,1,18,15,0,1,19,21,18,0,18,1,0,22,1,0,15,1,0
12,15,3,20,4,0,12,15,14,12,13,1,13,12,1,0,21,0,16,22,16,0,15,0,16,22,0,1,19,14,2,10,3,11,5,0,21,1,15,11,2,18,13,17,2,20,19,16,4,1,0,21,14,1,19,15,20,22,1,1,0,0,1,1,21,5,0,0,19,18,19,18,1,0,0,12,5,1,2,19,0,2,27,0,0,21,19,3,22,24,0,21,0,19,3,14,15,21,18,15
14,0,0,0,14,11,11,14,6,4,13,2,0,16,1,16,14,15,15,14,11,11,14,2,18,14,16,0,18,1,3,24,9,6,15,17,16,0,0,14,3,24,1,18,19,19,20,19,0,18,0,14,13,1,1,0,1,17,22,19,22,21,11,20,3,15,0,18,20,20,18,1,17,1,15,10,16,16,7,16,16,22,11,3,16,14,6,1,22,0,17,13,29,1,17,19,2,19,20,23
13,0,23,14,0,0,16,13,19,14,12,10,9,0,15,17,12,16,13,22,18,2,1,22,15,0,17,18,18,4,18,21,19,16,19,17,1,14,4,17,0,14,2,18,20,17,9,1,0,16,2,22,21,17,16,15,14,16,0,8,0,1,21,0,17,0,14,9,0,1,21,13,3,13,18,20,1,20,13,10,7,18,16,12,14,20,0,18,23,21,0,1,25,26,13,1,3,18,14,0
11,13,6,12,18,0,0,12,11,19,2,0,16,18,13,2,1,14,2,20,0,15,1,16,18,14,0,0,18,1,25,0,21,0,17,16,15,2,0,21,20,17,13,24,0,3,20,0,18,18,17,21,17,9,11,12,22,1,22,21,24,1,13,7,9,20,24,22,17,1,1,19,2,0,0,22,19,0,22,13,7,14,3,1,23,17,14,24,21,2,0,19,0,16,4,17,10,13,20,21
12,14,13,16,12,1,15,16,12,9,11,1,18,15,1,0,17,2,21,17,11,22,16,1,17,15,16,1,22,22,15,25,1,23,18,16,19,20,20,0,1,1,17,1,16,19,23,14,0,19,23,21,2,16,16,21,26,14,3,17,17,0,15,24,17,1,2,17,20,1,20,20,18,0,1,0,0,20,15,16,16,1,2,17,0,12,12,0,17,1,1,20,21,18,0,17,23,23,18,17
10,21,0,1,19,13,16,12,14,15,2,0,15,18,13,4,1,0,17,14,4,18,16,13,14,1,16,17,0,0,1,17,13,22,2,16,2,16,14,12,26,18,21,19,20,22,0,22,19,14,10,0,18,19,17,2,17,5,18,5,14,12,0,17,26,18,17,0,1,23,1,18,7,21,19,19,20,21,22,16,5,5,0,0,20,5,22,0,0,14,2,0,17,21,2,18,1,13,20,17
11,1,14,11,0,9,2,16,0,16,10,1,3,24,0,15,20,16,17,1,15,2,17,15,13,0,0,2,18,0,11,16,15,12,2,20,17,19,17,24,16,11,5,18,13,19,16,19,1,14,27,14,12,11,24,3,20,24,25,21,24,21,1,19,0,13,16,13,15,13,16,0,2,25,20,17,17,12,21,15,5,0,21,5,1,16,15,18,24,18,0,19,3,1,18,16,22,0,17,5
15,3,18,1,22,19,15,0,1,2,15,13,12,10,8,15,12,14,13,1,17,14,19,14,15,13,15,13,18,4,22,0,12,22,17,4,20,3,12,18,0,17,17,0,16,0,15,17,17,22,17,17,16,1,26,0,21,1,22,14,19,16,3,23,17,4,25,0,0,15,19,3,14,2,22,15,12,19,18,6,5,21,18,1,0,0,24,21,15,3,20,22,1,22,0,23,19,19,17,20
8,19,13,4,16,18,18,13,15,10,18,14,17,12,18,20,18,1,1,14,15,18,4,18,14,26,16,20,13,0,21,0,16,4,1,0,22,16,2,17,18,16,15,14,21,27,13,8,20,19,2,21,10,10,1,0,22,16,19,27,2,20,2,1,1,15,5,19,10,7,4,18,13,4,19,1,15,16,19,19,22,1,1,0,25,22,1,0,1,0,18,5,17,0,15,18,20,16,2,0
12,1,0,15,10,3,20,12,9,16,13,14,0,1,0,18,1,14,20,3,1,18,13,11,11,8,2,18,13,0,16,13,12,21,18,14,21,16,0,21,0,17,13,23,0,0,24,19,19,11,24,1,0,1,15,1,27,20,17,21,17,5,23,17,18,12,4,1,15,16,1,15,14,2,3,19,0,0,20,13,1,0,0,3,13,23,0,13,19,20,2,1,15,6,15,19,15,8,5,14
14,2,2,17,0,12,11,13,1,13,1,12,0,1,15,0,9,12,11,21,2,16,13,14,2,15,16,11,18,16,22,0,18,1,15,21,18,13,22,13,24,20,17,18,4,24,23,0,0,20,21,1,20,0,0,19,23,23,1,15,0,2,20,0,20,17,0,5,0,16,4,0,21,18,17,4,2,22,18,26,0,17,3,17,3,10,24,21,2,16,6,20,19,16,1,17,18,15,2,1
12,18,17,17,1,14,16,16,17,14,0,17,14,0,13,20,1,3,18,11,14,16,17,1,21,18,15,16,19,21,19,18,24,15,17,17,18,0,17,22,0,2,17,18,21,0,22,21,15,19,18,15,20,3,19,0,1,21,0,21,0,23,18,17,13,19,18,2,17,2,0,21,13,13,1,0,21,3,18,0,2,16,25,2,15,17,3,15,3,15,14,15,12,23,17,10,17,3,3,19
11,18,15,15,16,15,0,15,0,0,12,2,19,0,1,15,14,21,16,3,0,1,11,16,5,1,21,0,20,0,0,15,18,0,0,22,16,18,19,4,17,1,16,2,0,19,2,20,2,17,15,0,1,15,13,1,3,17,19,1,18,18,1,17,18,18,0,1,14,2,1,19,5,23,0,1,17,18,11,4,13,16,19,19,19,20,0,14,22,18,17,1,22,21,0,13,1,13,2,0
14,20,0,0,23,1,11,13,14,0,13,21,18,0,17,0,0,0,15,0,0,20,0,15,15,11,19,20,14,23,0,18,0,24,16,3,16,22,20,19,12,6,20,0,20,18,19,0,21,18,14,1,3,1,0,0,0,14,10,14,16,2,0,2,0,21,17,23,0,24,18,0,3,18,0,0,21,0,1,3,20,2,0,18,5,0,23,24,17,18,19,20,24,21,15,1,1,23,1,20
14,14,2,14,0,14,20,14,9,4,15,15,2,14,14,18,15,1,14,15,7,1,15,6,15,0,17,3,22,1,0,20,10,8,3,17,0,14,17,15,1,13,15,3,23,3,22,19,14,0,18,20,2,22,20,0,20,18,18,20,2,21,21,13,3,19,3,0,15,15,16,14,3,19,16,16,12,7,18,2,18,24,0,0,14,11,4,1,18,18,0,11,10,11,0,16,9,8,11,20
15,0,11,5,12,14,16,16,1,18,0,17,16,18,15,14,0,4,16,16,2,15,3,0,19,2,19,15,23,0,21,17,15,12,11,19,20,0,0,0,14,20,2,15,18,16,0,0,19,1,18,12,12,16,10,20,14,15,0,2,18,15,15,11,13,0,14,20,0,14,19,19,2,12,4,1,22,12,16,11,25,1,26,20,20,17,22,23,24,1,0,22,18,17,2,0,19,27,23,0
14,2,17,15,2,15,20,15,15,1,17,16,0,0,11,15,18,1,17,17,2,15,1,2,21,16,18,18,15,0,12,0,11,7,18,12,21,14,16,1,17,0,15,2,1,21,20,22,15,18,15,16,6,20,20,5,0,16,14,23,0,17,3,0,1,19,18,3,15,0,0,22,1,0,23,11,6,6,18,1,18,1,14,1,18,2,24,0,19,0,1,25,21,0,17,20,17,20,12,22
9,20,19,1,12,2,15,14,1,17,18,11,2,14,0,15,12,13,20,14,11,3,23,17,1,1,18,17,19,15,18,19,16,3,10,6,24,0,0,16,11,1,2,20,0,14,1,18,0,21,15,16,14,0,13,14,15,16,21,3,2,16,11,16,14,18,19,18,16,23,16,2,0,16,11,2,2,22,17,15,16,0,18,0,2,19,25,21,1,22,27,23,19,11,18,0,3,18,17,17
